18499 10893 56659 18675 34921 18799 10849 30319 10841 12671 12435 12323 55859 12411 54669 12423 12759 12751 12871 10335 30291 30299 33445 10315 33425 12743 12395 47257 35153 47249 35149 48691 12479 48659 18651 18543 60889 18511 18879 18883 56057 18743 56065 56061 56069 56077 52953 47277 52961 18603 
18495 12719 12727 18471 34909 12903 12559 55847 12563 47969 33429 12391 48695 12379 12351 12355 48663 48655 48635 30307 18631 35165 18847 
60909 56655 56667 12843 30259 10303 18575 18695 18691 18587 30335 18555 18431 18439 33461 12631 12875 56623 47957 33433 56631 32217 48675 48671 47699 12487 52425 55819 12695 35209 56373 18419 51929 51933 18863 35181 56081 
18491 33465 12515 12579 35205 18655 18515 
60901 60973 12647 12867 12463 18787 51937 18855 
12715 56655 56651 10893 56659 56667 60937 18575 18691 10857 56695 18587 10865 18675 34921 18799 18443 18567 30311 30319 10841 12671 12435 12323 54645 12419 12411 33461 12423 47973 12759 56619 10335 56623 12763 10315 33433 34889 12627 33425 12503 12743 47257 56093 35149 52985 48675 12387 12479 48659 52425 12367 48643 12695 55835 35209 18775 18651 56373 18543 51929 60889 18511 18879 18883 56057 18743 35181 56069 47281 56077 56081 
56655 60909 12715 56651 56667 12843 30259 60937 18575 18695 18691 10857 56695 18587 10865 18555 34921 18439 18443 18567 30311 34913 10841 12323 54645 12419 12411 33461 12547 47973 12759 12631 56619 12875 10335 56623 12763 47957 10315 33433 34889 12627 12503 32217 47257 56093 35149 52985 48675 12387 48671 47699 12479 48659 12487 52425 12367 55819 48643 12575 12695 55835 35209 18775 18651 56373 18419 18543 51929 51933 18511 18883 18863 18743 35181 56069 47281 52945 56077 56081 
32201 56699 30331 18551 12407 12403 10319 47707 10323 18723 
12835 18487 12807 55851 12651 34897 18819 18707 51227 35177 
30267 18795 34917 12431 30271 10323 56097 12571 
12719 18495 12727 18471 18579 34909 12903 12559 12563 12519 33429 12391 48695 12355 48663 48655 48635 30307 18631 35165 18847 
56651 12715 56655 10893 56667 30259 60937 18575 18691 10857 56695 18587 10865 34921 18443 18567 30311 30319 34913 10841 12323 54645 12419 12411 33461 12547 47973 12759 12631 56619 10335 33445 12763 10315 33433 34889 12627 33425 12503 47257 35153 56093 47249 35149 52985 48675 12387 48671 12479 48659 52425 12367 48651 48643 12575 12695 55835 35209 18775 18651 56373 18543 51929 60889 18511 18879 18883 18743 35181 56069 47281 52945 56077 47277 56081 52961 
12839 12703 18571 55855 56615 47961 12867 47253 52421 12451 51937 18759 18735 
30263 10837 54685 10299 18639 18731 35177 35173 47261 
32209 32205 12727 18471 55847 12663 12635 47969 12731 32213 12391 52981 12379 35213 18635 18619 18615 35189 18847 
10893 18499 12715 56651 56659 60937 10857 56695 10865 18675 34921 18799 18443 18567 30311 30319 10841 12671 12435 12323 54645 55859 12419 12411 54669 12423 47973 12759 56619 12871 10335 30291 30299 33445 12763 10315 34889 12627 33425 12503 12743 12395 47257 35153 56093 47249 35149 52985 48691 12387 12479 48659 12367 48651 48643 55835 18775 18651 18543 60889 18511 18879 18883 56057 18743 56061 56069 47281 56077 47277 52961 18603 
12711 12603 30327 12327 12659 54653 12399 12591 18415 18755 18523 20807 
56659 18499 12715 10893 18599 18675 18799 30319 10841 12671 12435 12323 55859 54669 12423 12759 12871 10335 30291 30299 12763 10315 12743 12395 47257 35153 47249 35149 48691 12371 12375 12479 12583 60889 18427 18511 18879 18883 56057 18743 56069 
32205 32209 12663 47969 12731 32213 52981 35213 18619 18615 35189 
12831 56431 12787 33453 12495 47695 35201 18539 18663 35193 
60913 12859 12335 60885 
30255 56639 18547 56073 12299 
56423 12891 56639 12621 46289 48647 18663 
12727 18495 12719 32209 18471 12803 12903 55847 12563 12899 12663 47969 32213 12391 52981 12379 12355 48663 12595 30307 18619 35189 18847 
10307 18595 10885 10869 12683 12335 60885 18719 35169 
12603 12711 56663 12827 18559 56703 12327 12659 12755 34893 56627 34885 12399 18827 12591 18415 18631 56037 18755 18527 20807 18715 
56667 60909 12715 56655 56651 12843 30259 60937 18575 18695 18691 10857 56695 18587 10865 18555 34921 18439 18443 18567 30311 34913 10841 12323 54645 12419 12411 33461 12547 47973 12759 12631 56619 12875 10335 56623 12763 47957 10315 33433 34889 12627 12503 32217 47257 56093 35149 52985 48675 12387 48671 47699 12479 48659 12487 52425 12367 55819 48643 12575 12695 55835 35209 18775 18651 56373 18419 18543 51929 51933 18511 18883 18863 18743 35181 56069 47281 52945 56077 56081 
30251 30247 18467 60977 48711 12511 56643 12699 55839 
12607 12679 12567 48699 18751 18767 52965 
56663 12603 12827 18559 10849 12327 12659 54665 12751 12755 47965 34893 56627 12507 18811 18827 12591 12483 12347 56037 18527 56065 52941 18715 52953 
12843 60909 56655 56667 30259 10303 60937 18575 18695 18691 18587 30335 18555 18431 18439 18567 30311 34913 12419 33461 12547 47973 12631 12875 56623 47957 33433 56631 32217 48675 12387 48671 47699 12487 52425 55819 12695 35209 56373 18419 51929 51933 18863 35181 47281 56081 
56427 12815 56435 12767 10319 48679 18639 47289 47261 18723 
30259 60909 56655 56651 56667 12843 10303 60937 18575 18695 18691 56695 18587 10865 30335 18555 18431 34921 18439 18443 18567 30311 34913 10841 12323 54645 12419 12411 33461 12547 47973 12631 12875 56623 12763 47957 33433 56631 34889 12627 12503 32217 56093 52985 48675 12387 48671 47699 12487 52425 12367 55819 48643 12575 12695 55835 35209 18775 18651 56373 18419 51929 51933 18863 35181 47281 52945 56077 56081 
12723 18475 12703 27385 60973 12443 12415 56607 48707 12867 12459 
10303 60909 12843 30259 18575 18695 30335 18555 18431 18439 12631 12875 56623 47957 56631 32217 48675 47699 12487 52425 55819 12695 56373 18419 51929 51933 18863 35181 56081 
18599 56659 18675 12799 12435 12423 12743 12371 12375 12331 12583 18427 56057 18615 18831 
18479 56675 12823 18671 34929 33469 52977 55827 48639 18535 46293 
18595 10307 10885 12683 33441 12859 56635 12335 18719 35169 
18475 12723 12703 27385 60973 12443 12415 56607 48707 12459 47285 
18471 18495 12719 32209 12727 12903 12559 55847 12563 12635 47969 32213 12391 52981 12379 12351 12355 48663 30307 18635 18619 18847 
56671 12851 60877 34905 18763 47269 
10877 12679 35157 10295 18751 18767 52965 
60933 12447 47949 12475 47687 47683 47293 
12815 56427 30339 54661 10339 30283 48679 48667 18659 47289 47261 
56435 56427 18451 18551 12531 12407 12767 10319 18703 48679 34901 47289 18711 
56679 60949 10853 60961 18563 12383 18807 12363 18779 52969 
12819 10889 12327 12755 34893 12883 33449 12399 18811 18827 12591 12359 12691 18415 18523 18647 47285 35161 
56431 12831 10873 18583 12495 35193 
56675 18479 18679 12535 55827 48639 18535 
10873 56431 18583 12495 47695 60881 35193 
12811 56639 12621 48647 12299 18727 
30247 30251 18467 60977 12539 48711 12699 55839 56033 
18487 12835 12803 60965 12807 10845 55851 54649 12651 12899 34897 12595 20803 
18483 56687 12851 60877 47269 
60937 12715 56655 56651 10893 56667 12843 30259 18575 18691 10857 56695 18587 10865 18555 34921 18443 18567 30311 30319 34913 10841 12323 54645 12419 12411 33461 12547 47973 12759 12631 56619 12875 10335 56623 12763 47957 10315 33433 34889 12627 33425 12503 47257 56093 35149 52985 48675 12387 48671 47699 12479 48659 12487 52425 12367 48651 55819 48643 12575 12695 55835 35209 18775 18651 56373 18419 18543 51929 60889 18511 18879 18883 18863 18743 35181 56069 47281 52945 56077 56081 
56687 18483 56603 12851 60877 
12823 18479 56691 18671 12771 33469 47703 52977 12491 
12703 12839 12723 18475 27385 12443 55855 54653 12415 56607 56615 12451 12459 51937 35197 47285 
10889 12819 56607 12883 33449 12739 12359 12691 18523 18647 47285 35161 
60941 10869 56045 
12827 12603 56663 18559 10849 12327 12659 54665 12751 12755 34893 56627 34885 12507 18827 12591 12483 12343 12347 18415 56037 18527 56065 18715 47265 
10881 30323 12687 47965 33445 12643 12739 56647 48651 12339 60897 52941 47277 52961 18603 
10885 10307 18595 12683 12859 12335 60885 18719 35169 
18575 60909 12715 56655 56651 56667 12843 30259 10303 60937 18695 18691 56695 18587 10865 30335 18555 18431 34921 18439 18443 18567 30311 34913 10841 12323 54645 12419 12411 33461 12547 47973 12631 12875 56623 12763 47957 33433 56631 34889 12627 12503 32217 56093 52985 48675 12387 48671 47699 12487 52425 12367 55819 48643 12575 12695 55835 35209 18775 18651 56373 18419 51929 51933 18863 35181 47281 52945 56077 56081 
18699 60945 18459 32197 
18571 12839 18683 30315 55855 56615 47961 12855 30279 47253 52421 12451 18759 
18451 56435 10833 12675 12531 12655 12783 12667 12767 18703 34901 18519 18711 
18695 60909 56655 56667 12843 30259 10303 18575 18691 18587 30335 18555 18431 18439 34913 33461 12547 12631 12875 56623 47957 33433 56631 32217 48675 48671 47699 12487 52425 55819 12575 12695 35209 56373 18419 51929 51933 18863 35181 52945 56081 
56691 12823 12771 12515 12879 47945 52977 12491 47695 60881 
18691 60909 12715 56655 56651 56667 12843 30259 60937 18575 18695 56695 18587 10865 18555 34921 18439 18443 18567 30311 34913 10841 12323 54645 12419 12411 33461 12547 47973 12631 56619 12875 10335 56623 12763 47957 10315 33433 34889 12627 12503 32217 56093 52985 48675 12387 48671 47699 12479 48659 12487 52425 12367 55819 48643 12575 12695 55835 35209 18775 18651 56373 18419 18543 51929 51933 18511 18863 35181 56069 47281 52945 56077 56081 
60949 56679 10853 60961 18563 12383 18807 12363 18779 52969 
60945 18699 18459 12887 32197 
56699 32201 18795 10319 47707 18723 
10857 12715 56655 56651 10893 56667 60937 56695 18587 10865 34921 18443 18567 30311 30319 10841 12671 12323 54645 55859 12419 12411 47973 12759 56619 10335 33445 12763 10315 33433 34889 12627 33425 12503 12395 47257 35153 56093 47249 52985 12387 12479 48659 12367 48651 48643 55835 18775 18651 18543 60889 18511 18879 18883 18743 56061 56069 47281 56077 47277 52961 18603 
56695 12715 56655 56651 10893 56667 30259 60937 18575 18691 10857 18587 10865 34921 18443 18567 30311 30319 34913 10841 12323 54645 12419 12411 33461 12547 47973 12759 12631 56619 12875 10335 56623 12763 47957 10315 33433 34889 12627 33425 12503 47257 35153 56093 47249 35149 52985 48675 12387 48671 12479 48659 52425 12367 48651 48643 12575 12695 55835 35209 18775 18651 56373 18543 51929 60889 18511 18879 18883 18743 35181 56069 47281 52945 56077 47277 56081 
18579 12719 27389 34909 12555 56703 12779 12519 12523 12615 32221 33429 52973 46285 48695 48655 48635 18631 35165 
18459 18699 60945 54673 56611 12887 12475 47687 32197 55823 
10853 56679 60949 10837 18447 30295 12383 18807 12363 18779 
18587 60909 12715 56655 56651 56667 12843 30259 60937 18575 18695 18691 10857 56695 10865 18555 34921 18443 18567 30311 34913 10841 12323 54645 12419 12411 33461 12547 47973 12759 12631 56619 12875 10335 56623 12763 47957 10315 33433 34889 12627 12503 32217 47257 56093 35149 52985 48675 12387 48671 47699 12479 48659 12487 52425 12367 55819 48643 12575 12695 55835 35209 18775 18651 56373 18419 18543 51929 51933 18511 18883 18863 18743 35181 56069 47281 52945 56077 56081 
18467 30251 30247 60977 12539 48711 12511 56643 12699 55839 
18583 56431 10873 12679 48699 12495 18767 35193 
12803 12727 18487 60965 10845 12899 12663 48703 33457 12595 30307 18619 35189 20803 
10865 12715 56655 56651 10893 56667 30259 60937 18575 18691 10857 56695 18587 18675 34921 18799 18443 18567 30311 30319 34913 10841 12671 12435 12323 54645 12419 12411 33461 12547 12423 47973 12759 12631 56619 12875 10335 56623 12763 47957 10315 33433 34889 12627 33425 12503 12743 47257 35153 56093 35149 52985 48675 12387 48671 12479 48659 52425 12367 48651 48643 12575 12695 55835 35209 18775 18651 56373 18543 51929 60889 18511 18879 18883 18743 35181 56069 47281 56077 56081 
30331 32201 18551 12675 12407 12403 12735 47707 10323 18703 56377 18627 18711 
60965 18487 12803 12807 10845 12651 12899 33457 34897 30283 12595 18871 35185 20803 
12807 12835 18487 60965 10845 55851 54649 12651 34897 18707 20803 
10869 10307 60941 48575 12467 60885 
60961 56679 60949 18563 18807 
30339 12815 34909 54661 33457 10339 12519 12523 12615 30283 48667 18659 18871 35185 
10861 12427 54673 56611 54681 56377 18611 18507 56085 
30335 60909 12843 30259 10303 18575 18695 18555 18431 12875 56623 47957 56631 32217 48675 47699 12487 52425 55819 12695 56373 18419 51929 51933 56081 
18795 30267 56699 12431 56097 12571 56033 
18675 18499 12715 10893 56659 18599 10865 34921 18799 30319 10841 12671 12435 12323 12411 12423 12759 12871 10335 12763 10315 12743 47257 56093 35149 12371 12479 12583 18651 60889 18427 18511 18879 18883 56057 18743 56069 56077 
18555 60909 56655 56667 12843 30259 10303 60937 18575 18695 18691 18587 30335 18431 18439 18567 30311 34913 12419 33461 12547 47973 12631 12875 56623 47957 33433 56631 34889 12627 32217 56093 52985 48675 12387 48671 47699 12487 52425 55819 12575 12695 55835 35209 56373 18419 51929 51933 18863 35181 47281 56081 
18671 18479 12823 12515 52977 55827 
18551 32201 56435 30331 12407 12403 12767 10319 47707 18703 48679 47289 18711 18723 
18431 60909 12843 30259 10303 18575 18695 30335 18555 18439 12631 12875 56623 47957 56631 32217 48675 47699 12487 52425 55819 12695 56373 18419 51929 51933 18863 35181 56081 
10829 12787 33453 47695 12579 35205 35201 18655 18539 18515 
10833 18451 12675 12447 12531 12655 12783 12667 10327 34901 18519 18711 
34921 18499 12715 56655 56651 10893 56667 30259 60937 18575 18691 10857 56695 18587 10865 18675 18799 18443 18567 30311 30319 34913 10841 12671 12435 12323 54645 55859 12419 12411 33461 12547 12423 47973 12759 12631 56619 10335 12763 10315 33433 34889 12627 33425 12503 12743 47257 35153 56093 47249 35149 52985 48675 12387 48671 12479 48659 52425 12367 48651 48643 12575 12695 55835 35209 18775 18651 56373 18543 51929 60889 18511 18879 18883 56057 18743 35181 56069 47281 56077 47277 56081 
60977 30251 30247 18467 12539 48711 12511 56643 12699 55839 56033 
27385 12723 18475 12703 12443 12415 56607 48707 12459 35197 47285 
30323 10881 10849 12687 55859 54665 54669 12751 47965 30291 30299 33445 12643 12507 33425 56647 12395 35153 18811 47249 48691 12339 12347 60897 56065 56061 52941 47277 52961 18603 
10837 30263 10853 30295 54685 12363 18779 18731 
60973 60901 12723 18475 12415 48707 12647 12867 12463 
27389 18579 56703 12779 32221 52973 46285 12471 18755 
34929 18479 33469 46293 
18799 18499 12715 10893 56659 10865 18675 34921 30319 10841 12671 12435 12323 55859 12411 54669 12423 12759 12871 10335 30291 30299 12763 10315 33425 12743 12395 47257 35153 47249 35149 48691 12371 12479 48659 12583 18651 18543 60889 18427 18511 18879 18883 56057 18743 56061 56069 56077 52961 
34925 10299 51227 35177 35173 
18679 56675 12535 55827 48639 18535 
18559 12603 56663 12827 10849 12327 12659 54665 12751 12755 47965 34893 56627 33449 12507 18811 18827 12591 12483 12691 12347 18415 56037 18527 56065 52941 18715 
30327 12711 54653 10331 18755 20807 
18439 60909 56655 56667 12843 30259 10303 18575 18695 18691 18555 18431 34913 33461 12547 12631 12875 56623 47957 33433 56631 32217 48675 48671 47699 12487 52425 55819 12575 12695 35209 56373 18419 51929 51933 18863 35181 52945 56081 
18443 12715 56655 56651 10893 56667 30259 60937 18575 18691 10857 56695 18587 10865 34921 18567 30311 30319 34913 10841 12671 12323 54645 12419 12411 33461 12547 47973 12759 12631 56619 10335 33445 12763 10315 33433 34889 12627 33425 12503 12395 47257 35153 56093 47249 35149 52985 48675 12387 48671 12479 48659 52425 12367 48651 48643 12575 12695 55835 35209 18775 18651 56373 18543 51929 60889 18511 18879 18883 18743 35181 56069 47281 56077 47277 56081 52961 
18567 12715 56655 56651 10893 56667 12843 30259 60937 18575 18691 10857 56695 18587 10865 18555 34921 18443 30311 30319 34913 10841 12323 54645 12419 12411 33461 12547 47973 12759 12631 56619 12875 10335 56623 12763 47957 10315 33433 34889 12627 33425 12503 47257 56093 35149 52985 48675 12387 48671 47699 12479 48659 12487 52425 12367 48651 55819 48643 12575 12695 55835 35209 18775 18651 56373 18419 18543 51929 60889 18511 18879 18883 18863 18743 35181 56069 47281 52945 56077 56081 
18683 18571 30315 10331 12855 30279 52421 18759 
34909 18495 12719 18579 30339 12903 12563 12899 33457 10339 12519 12523 12615 33429 48695 12355 48663 48655 30307 18871 35185 35165 
18563 56679 60949 60961 12683 33441 56635 12383 18807 52969 
12903 18495 12719 12727 18471 34909 55847 12563 12899 33457 47969 33429 12391 48695 12379 12355 48663 12595 30307 18619 18847 
56369 18707 18875 
10845 18487 12803 60965 12807 54649 12651 48703 20803 
30311 12715 56655 56651 10893 56667 12843 30259 60937 18575 18691 10857 56695 18587 10865 18555 34921 18443 18567 30319 34913 10841 12323 54645 12419 12411 33461 12547 47973 12759 12631 56619 12875 10335 56623 12763 47957 10315 33433 34889 12627 33425 12503 47257 56093 35149 52985 48675 12387 48671 47699 12479 48659 12487 52425 12367 48651 55819 48643 12575 12695 55835 35209 18775 18651 56373 18419 18543 51929 60889 18511 18879 18883 18863 18743 35181 56069 47281 52945 56077 56081 
12907 12895 54657 
10849 18499 56663 12827 30323 18559 55859 54665 54669 12751 12871 12755 47965 30291 30299 33445 33437 12507 12395 35153 47249 48691 12483 12339 12347 60897 56065 56061 52941 18715 52953 52961 18603 
34917 30267 12431 54681 10311 30271 10323 12571 56085 
30319 18499 12715 56651 10893 56659 60937 10857 56695 10865 18675 34921 18799 18443 18567 30311 10841 12671 12435 12323 54645 55859 12419 12411 54669 12423 47973 12759 56619 12871 10335 30291 30299 33445 12763 10315 34889 12627 33425 12503 12743 12395 47257 35153 56093 47249 35149 52985 48691 12387 12479 48659 12367 48651 48643 55835 18775 18651 18543 60889 18511 18879 18883 56057 18743 56061 56069 47281 56077 47277 52961 
18447 10853 12539 48711 30295 56097 12383 55839 56033 
34913 56655 56651 56667 12843 30259 60937 18575 18695 18691 56695 18587 10865 18555 34921 18439 18443 18567 30311 10841 12323 54645 12419 12411 33461 12547 47973 12631 56619 12875 56623 12763 47957 33433 34889 12627 12503 32217 56093 52985 48675 12387 48671 47699 12487 52425 12367 55819 48643 12575 12695 55835 35209 18775 18651 56373 18419 51929 51933 18863 35181 47281 52945 56077 56081 
10841 18499 12715 56655 56651 10893 56659 56667 30259 60937 18575 18691 10857 56695 18587 10865 18675 34921 18799 18443 18567 30311 30319 34913 12671 12435 12323 54645 55859 12419 12411 33461 12547 12423 47973 12759 12631 56619 10335 12763 10315 33433 34889 12627 33425 12503 12743 47257 35153 56093 47249 35149 52985 48675 12387 48671 12479 48659 52425 12367 48651 48643 12575 12695 55835 35209 18775 18651 56373 18543 51929 60889 18511 18879 18883 56057 18743 35181 56069 47281 56077 47277 56081 
30315 18571 18683 12855 47949 30279 47253 52421 47683 18423 18759 
12671 18499 12715 10893 56659 10857 10865 18675 34921 18799 18443 30319 10841 12435 12323 55859 12411 54669 12423 12759 12751 12871 10335 30291 30299 33445 12763 10315 33425 12743 12395 47257 35153 47249 35149 48691 12479 48659 18651 18543 60889 18511 18879 18883 56057 18743 56061 56069 56077 52953 47277 52961 
12559 18495 12719 18471 55847 12799 34885 33437 48695 12379 12351 12355 12343 18631 18635 18831 18847 47265 
55843 12795 10311 18763 18727 
12795 55843 18763 12299 18727 
55847 18495 32209 12727 18471 12903 12559 12799 12635 47969 12731 32213 12391 52981 12379 12351 12355 48663 12331 30307 18635 18619 18831 18847 
12675 18451 30331 10833 12667 12407 12403 12735 18703 55823 34901 18519 18627 18711 
12431 30267 18795 34917 10311 30271 56097 12571 12699 
12799 18599 12559 55847 12871 12635 12731 33437 12371 12375 12379 12351 12331 12343 18427 18635 18615 18831 
12679 12607 10877 18583 48699 18751 18767 52965 
12555 18579 12779 12531 54661 10339 12519 10343 12523 47953 12615 32221 18815 48667 18659 
12435 18499 12715 10893 56659 18599 10865 18675 34921 18799 30319 10841 12671 12323 55859 12411 54669 12423 12759 12871 10335 30291 30299 12763 10315 12743 12395 47257 35153 47249 35149 48691 12371 12479 48659 12583 18651 18543 60889 18427 18511 18879 18883 56057 18743 56069 56077 
55851 12835 18487 12807 12651 34897 18819 18707 51227 
12443 12723 18475 12703 27385 54653 12415 56607 48707 12459 35197 47285 
12323 18499 12715 56655 56651 10893 56659 56667 30259 60937 18575 18691 10857 56695 18587 10865 18675 34921 18799 18443 18567 30311 30319 34913 10841 12671 12435 54645 12419 12411 33461 12547 12423 47973 12759 12631 56619 10335 12763 10315 33433 34889 12627 33425 12503 12743 47257 35153 56093 47249 35149 52985 48675 12387 48671 12479 48659 52425 12367 48651 48643 12575 12695 55835 35209 18775 18651 56373 18543 51929 60889 18511 18879 18883 56057 18743 35181 56069 47281 56077 56081 
12683 10307 18595 10885 18563 33441 48575 12467 18719 52969 
12563 18495 12719 12727 18471 34909 12903 12899 33457 12519 47969 33429 12391 48695 12355 48663 12595 48655 30307 18871 35185 18847 
54645 12715 56655 56651 10893 56667 30259 60937 18575 18691 10857 56695 18587 10865 34921 18443 18567 30311 30319 34913 10841 12323 12419 12411 33461 12547 47973 12759 12631 56619 10335 33445 12763 10315 33433 34889 12627 33425 12503 47257 35153 56093 47249 35149 52985 48675 12387 48671 12479 48659 52425 12367 48651 48643 12575 12695 55835 35209 18775 18651 56373 18543 51929 60889 18511 18879 18883 18743 35181 56069 47281 52945 56077 47277 56081 
55855 12839 12703 18571 12415 56615 47961 12867 52421 12451 51937 18759 35197 18735 
12447 60933 10833 12655 12783 12667 47949 10327 12475 47683 18519 47293 
56703 12603 18579 27389 12779 12659 56627 34885 32221 52973 46285 48695 48655 48635 18631 56037 18755 18527 35165 
12687 10881 30323 54665 47965 12883 12643 12739 12507 56647 18811 12691 12339 12347 60897 18647 52941 35161 18603 
12327 12711 12603 56663 12819 12827 18559 12659 54665 12755 34893 33449 12399 18811 18827 12591 12359 12347 18415 56037 18523 20807 
12567 12607 47253 10295 18423 18751 52965 
54649 18487 12807 10845 12651 48703 18707 20803 
55859 18499 10893 56659 10857 34921 30323 18799 10849 30319 10841 12671 12435 12411 54669 12423 12759 12751 12871 10335 30291 30299 33445 10315 12507 33425 12743 12395 47257 35153 47249 48691 12479 48659 48651 18651 18543 60889 18511 18879 18883 56057 18743 56065 56061 56069 56077 52953 47277 52961 18603 
12891 56423 56639 12621 46289 48647 18663 
12539 30247 18467 60977 18447 48711 30295 56097 12699 55839 56033 
12419 12715 56655 56651 10893 56667 12843 30259 60937 18575 18691 10857 56695 18587 10865 18555 34921 18443 18567 30311 30319 34913 10841 12323 54645 12411 33461 12547 47973 12759 12631 56619 12875 10335 56623 12763 47957 10315 33433 34889 12627 33425 12503 47257 56093 35149 52985 48675 12387 48671 47699 12479 48659 12487 52425 12367 48651 55819 48643 12575 12695 55835 35209 18775 18651 56373 18419 18543 51929 60889 18511 18879 18883 18863 18743 35181 56069 47281 52945 56077 56081 
12779 18579 27389 12555 56703 10343 12523 47953 32221 33429 18815 52973 46285 48655 48635 18631 35165 
12659 12711 12603 56663 12827 18559 56703 12327 12755 34893 56627 34885 12399 18827 12591 12483 18415 56037 18755 18527 20807 18715 
54653 12711 12703 30327 12443 12399 12459 18523 35197 20807 47285 
12531 56435 18451 10833 12555 12655 12783 12667 10343 12767 47953 18815 18703 48667 34901 18659 18711 
12895 12907 
12411 18499 12715 56655 56651 10893 56667 30259 60937 18575 18691 10857 56695 18587 10865 18675 34921 18799 18443 18567 30311 30319 34913 10841 12671 12435 12323 54645 55859 12419 33461 12547 12423 47973 12759 12631 56619 10335 12763 10315 33433 34889 12627 33425 12503 12743 12395 47257 35153 56093 47249 35149 52985 48675 12387 48671 12479 48659 52425 12367 48651 48643 12575 12695 55835 35209 18775 18651 56373 18543 51929 60889 18511 18879 18883 18743 35181 56069 47281 56077 47277 56081 52961 
12771 12823 56691 12879 47945 52977 47695 60881 
54657 12907 
12651 12835 18487 60965 12807 10845 55851 54649 34897 18819 18707 
12535 56675 18679 48639 18535 
12415 12723 18475 12703 27385 60973 12443 55855 56607 48707 56615 12867 12451 12459 51937 
12899 12727 18487 12803 60965 34909 12903 12563 33457 47969 30283 12391 12355 48663 12595 30307 18871 18619 35185 20803 
12775 12611 35157 52949 
12655 18451 10833 12447 12531 12783 47953 10327 12471 
48711 30251 30247 18467 60977 18447 12539 30295 56097 12699 55839 56033 
33461 60909 12715 56655 56651 56667 12843 30259 60937 18575 18695 18691 56695 18587 10865 18555 34921 18439 18443 18567 30311 34913 10841 12323 54645 12419 12411 12547 47973 12631 56619 12875 56623 12763 47957 10315 33433 34889 12627 12503 32217 56093 52985 48675 12387 48671 47699 12487 52425 12367 55819 48643 12575 12695 55835 35209 18775 18651 56373 18419 51929 51933 18511 18863 35181 47281 52945 56077 56081 
33469 18479 12823 34929 47703 46281 12491 46293 
54661 12815 30339 12555 10339 12519 10343 12523 47953 12615 18815 48667 18659 
12427 10861 54673 56611 54681 18611 18507 
33465 18491 48639 18515 
54665 56663 12827 30323 18559 10849 12687 12327 12755 47965 34893 12883 12643 33449 12739 12507 18811 18827 12359 12483 12691 12339 12347 60897 52941 18603 
12663 32209 32205 12727 12803 48703 47969 32213 12391 52981 12595 18619 35189 20803 
56607 12723 18475 12703 10889 27385 12443 12415 48707 12459 35197 47285 
54669 18499 10893 56659 30323 18799 10849 30319 12671 12435 55859 12423 12759 12751 12871 10335 30291 30299 33445 10315 33437 12507 33425 12395 47257 35153 47249 48691 48659 12483 18543 60889 18879 18883 56057 18743 56065 56061 56069 52953 47277 52961 18603 
12783 18451 10833 12447 12531 12655 12667 10327 12471 34901 18519 
12667 18451 10833 12675 12447 12531 12783 34901 18519 18711 
56603 56687 56045 
12547 56655 56651 56667 12843 30259 60937 18575 18695 18691 56695 18587 10865 18555 34921 18439 18443 18567 30311 34913 10841 12323 54645 12419 12411 33461 47973 12631 56619 12875 56623 12763 47957 33433 34889 12627 12503 32217 56093 52985 48675 12387 48671 47699 12487 52425 12367 55819 48643 12575 12695 55835 35209 18775 18651 56373 18419 51929 51933 18863 35181 47281 52945 56077 56081 
12423 18499 12715 10893 56659 18599 10865 18675 34921 18799 30319 10841 12671 12435 12323 55859 12411 54669 12759 12871 10335 30291 30299 12763 10315 33425 12743 12395 47257 35153 47249 35149 48691 12371 12479 48659 12583 18651 18543 60889 18427 18511 18879 18883 56057 18743 56061 56069 56077 52961 
12787 12831 10829 33453 12579 35205 35201 18655 18539 
48703 12803 10845 54649 12663 35189 20803 
47973 12715 56655 56651 10893 56667 12843 30259 60937 18575 18691 10857 56695 18587 10865 18555 34921 18443 18567 30311 30319 34913 10841 12323 54645 12419 12411 33461 12547 12759 12631 56619 12875 10335 56623 12763 47957 10315 33433 34889 12627 33425 12503 47257 56093 35149 52985 48675 12387 48671 47699 12479 48659 12487 52425 12367 48651 55819 48643 12575 12695 55835 35209 18775 18651 56373 18419 18543 51929 60889 18511 18879 18883 18863 18743 35181 56069 47281 52945 56077 56081 
48707 12723 18475 27385 60973 12443 12415 56607 12459 
12759 18499 12715 56655 56651 10893 56659 56667 60937 10857 56695 18587 10865 18675 34921 18799 18443 18567 30311 30319 10841 12671 12435 12323 54645 55859 12419 12411 54669 12423 47973 56619 12871 10335 30291 30299 33445 12763 10315 33433 34889 12627 33425 12503 12743 12395 47257 35153 56093 47249 35149 52985 48691 12387 12479 48659 12367 48651 48643 55835 18775 18651 18543 60889 18511 18879 18883 56057 18743 56061 56069 47281 56077 47277 52961 
33457 12803 60965 30339 34909 12903 12563 12899 10339 12519 34897 30283 12595 30307 18871 35185 
54673 18459 10861 12427 56611 12887 18507 
56611 18459 10861 12427 54673 12887 32197 18611 18507 
12515 18491 56691 18671 12879 47945 52977 12579 18515 
12879 56691 12771 12515 47945 52977 47695 12579 35205 
10339 12815 30339 34909 12555 54661 33457 12519 10343 12523 12615 30283 18815 48667 18659 18871 35185 
33453 12831 10829 12787 12495 47695 35205 35201 18539 35193 
54677 12647 12611 12863 12463 18787 18643 18855 52949 
12519 12719 18579 30339 34909 12555 12563 54661 33457 10339 10343 12523 12615 32221 30283 33429 18815 48667 48655 18659 18871 35185 
12751 18499 56663 12827 30323 18559 10849 12671 55859 54669 12871 30291 30299 33445 33437 12507 12395 35153 47249 48691 12483 12343 12347 56065 56061 18715 52953 52961 18603 
12631 60909 56655 56651 56667 12843 30259 10303 60937 18575 18695 18691 56695 18587 10865 18555 18431 34921 18439 18443 18567 30311 34913 10841 12323 54645 12419 12411 33461 12547 47973 56619 12875 56623 12763 47957 33433 56631 34889 12627 12503 32217 56093 52985 48675 12387 48671 47699 12487 52425 12367 55819 48643 12575 12695 55835 35209 18775 18651 56373 18419 51929 51933 18863 35181 47281 52945 56077 56081 
56619 12715 56655 56651 10893 56667 60937 18691 10857 56695 18587 10865 34921 18443 18567 30311 30319 34913 10841 12323 54645 12419 12411 33461 12547 47973 12759 12631 10335 33445 12763 10315 33433 34889 12627 33425 12503 12395 47257 35153 56093 47249 52985 12387 48671 12479 48659 52425 12367 48651 48643 12575 12695 55835 35209 18775 18651 56373 18543 60889 18511 18879 18883 18743 35181 56069 47281 56077 47277 56081 52961 
10331 30327 18683 12855 10327 12471 18759 
12871 18499 10893 56659 18675 18799 10849 30319 12671 12799 12435 55859 54669 12423 12759 12751 10335 30291 30299 33437 12743 12395 47257 35153 47249 48691 12371 12375 12583 60889 18427 18879 56057 18743 56065 56061 52953 
12755 12603 56663 12819 12827 18559 10849 12327 12659 54665 47965 34893 12643 56627 33449 12507 12399 18811 18827 12591 12483 12691 12347 18415 60897 56037 18527 56065 52941 18715 
12635 32209 18471 55847 12799 47969 12731 32213 52981 12371 12375 12379 12351 35213 12331 18427 18635 18615 18831 18847 
56615 12839 12703 18571 55855 12415 47961 12867 52421 12451 51937 18735 
12511 30251 18467 60977 56643 48575 12467 
12875 60909 56655 56667 12843 30259 10303 60937 18575 18695 18691 56695 18587 10865 30335 18555 18431 18439 18567 30311 34913 12419 33461 12547 47973 12631 56623 47957 33433 56631 34889 12627 32217 56093 52985 48675 12387 48671 47699 12487 52425 12367 55819 48643 12575 12695 55835 35209 56373 18419 51929 51933 18863 35181 47281 52945 56081 
10335 18499 12715 56655 56651 10893 56659 56667 60937 18691 10857 56695 18587 10865 18675 34921 18799 18443 18567 30311 30319 10841 12671 12435 12323 54645 55859 12419 12411 54669 12423 47973 12759 56619 12871 12763 10315 33433 34889 12627 33425 12503 12743 12395 47257 35153 56093 47249 35149 52985 12387 12479 48659 52425 12367 48643 12695 55835 35209 18775 18651 18543 60889 18511 18879 18883 56057 18743 56069 47281 56077 
47965 56663 10881 30323 18559 10849 12687 54665 12755 34893 12883 12643 33449 12739 12507 56647 18811 18827 12359 12691 12339 12347 60897 18647 52941 35161 18603 
47961 12839 18571 55855 56615 12867 47253 52421 12451 51937 18735 
30291 18499 10893 56659 30323 18799 10849 30319 12671 12435 55859 54669 12423 12759 12751 12871 30299 33445 33437 12507 33425 12395 47257 35153 47249 48691 48659 12483 12339 60889 18879 18883 18743 56065 56061 56069 52953 47277 52961 18603 
47969 18495 32209 32205 12727 18471 12903 55847 12563 12899 12663 12635 12731 32213 12391 52981 12379 12355 48663 12595 30307 18635 18619 35189 18847 
12407 32201 56435 30331 18551 12675 12403 12735 10319 47707 18703 18627 
30299 18499 10893 56659 30323 18799 10849 30319 12671 12435 55859 54669 12423 12759 12751 12871 30291 33445 33437 12507 33425 12395 47257 35153 47249 48691 12483 60889 18879 18883 56057 18743 56065 56061 52953 47277 52961 18603 
12647 60901 60973 54677 12867 12463 18787 51937 18643 18855 18735 
34897 12835 18487 60965 12807 55851 12651 33457 30283 18819 51227 35185 35173 47261 
56623 60909 12715 56655 56667 12843 30259 10303 60937 18575 18695 18691 56695 18587 10865 30335 18555 18431 18439 18567 30311 34913 12419 33461 12547 47973 12631 12875 12763 47957 33433 56631 34889 12627 32217 56093 52985 48675 12387 48671 47699 12487 52425 12367 55819 48643 12575 12695 55835 35209 56373 18419 51929 51933 18863 35181 47281 52945 56081 
33445 18499 56651 10893 10881 10857 30323 18443 10849 30319 12671 54645 55859 54669 12759 12751 56619 30291 30299 10315 12507 33425 12503 12395 47257 35153 47249 48691 48659 48651 12339 18775 18543 60889 60897 18883 18743 56061 56069 47277 52961 18603 
54681 10861 34917 12427 12735 10323 56377 18611 56085 
30295 10853 10837 18447 12539 48711 12383 18807 12363 18779 56033 
34893 12603 56663 12819 12827 18559 12327 12659 54665 12755 47965 33449 12399 18811 18827 12591 12359 12691 12347 18415 56037 18523 18527 20807 52941 
33441 18595 18563 12683 56635 52969 
54685 30263 10837 10299 18639 18731 35177 35173 
12883 12819 10889 12687 54665 47965 12643 33449 12739 56647 18811 12359 12691 60897 18647 52941 35161 
12763 12715 56655 56651 10893 56659 56667 30259 60937 18575 18691 10857 56695 18587 10865 18675 34921 18799 18443 18567 30311 30319 34913 10841 12671 12435 12323 54645 12419 12411 33461 12547 12423 47973 12759 12631 56619 10335 56623 10315 33433 34889 12627 33425 12503 12743 47257 35153 56093 47249 35149 52985 48675 12387 48671 12479 48659 52425 12367 48651 48643 12575 12695 55835 35209 18775 18651 56373 18543 51929 60889 18511 18879 18883 56057 18743 35181 56069 47281 56077 56081 
10343 12555 12779 12531 54661 10339 12519 12523 47953 12615 18815 48667 18659 
12403 32201 30331 18551 12675 12407 12735 10319 47707 10323 18703 18627 18711 
12887 60945 18459 54673 56611 18507 
12767 56427 56435 18451 18551 12531 10319 18703 48679 18659 47289 18711 
12643 10881 30323 12687 54665 12755 47965 12883 33449 12739 12507 56647 18811 12359 12691 12339 12347 60897 18647 52941 35161 
56627 12603 56663 12827 18559 56703 12659 12755 34885 18827 12591 12483 12343 18631 56037 18527 18715 47265 
12523 18579 30339 34909 12555 12779 54661 10339 12519 10343 47953 12615 32221 33429 18815 48667 48655 18659 35165 
33449 12819 10889 18559 12327 54665 12755 47965 34893 12883 12643 12399 18811 18827 12591 12359 12691 12347 18415 18523 18647 52941 35161 
47953 12555 12779 12531 12655 54661 10343 12523 32221 18815 48667 12471 18659 
47957 60909 56655 56667 12843 30259 10303 60937 18575 18695 18691 56695 18587 10865 30335 18555 18431 18439 18567 30311 34913 12419 33461 12547 47973 12631 12875 56623 33433 56631 34889 12627 32217 56093 52985 48675 12387 48671 47699 12487 52425 12367 55819 48643 12575 12695 55835 35209 56373 18419 51929 51933 18863 35181 47281 52945 56081 
10315 18499 12715 56655 56651 10893 56659 56667 60937 18691 10857 56695 18587 10865 18675 34921 18799 18443 18567 30311 30319 10841 12671 12435 12323 54645 55859 12419 12411 33461 54669 12423 47973 12759 56619 10335 33445 12763 33433 34889 12627 33425 12503 12743 12395 47257 35153 56093 47249 35149 52985 12387 12479 48659 52425 12367 48651 48643 12695 55835 35209 18775 18651 56373 18543 60889 18511 18879 18883 56057 18743 35181 56069 47281 56077 47277 56081 52961 
12859 60913 18595 10885 12335 35169 
12735 30331 12675 12407 54681 12403 47707 10323 55823 56377 18627 
33433 60909 12715 56655 56651 56667 12843 30259 60937 18575 18695 18691 10857 56695 18587 10865 18555 34921 18439 18443 18567 30311 34913 10841 12323 54645 12419 12411 33461 12547 47973 12759 12631 56619 12875 10335 56623 12763 47957 10315 34889 12627 12503 32217 47257 56093 35149 52985 48675 12387 48671 47699 12479 48659 12487 52425 12367 55819 48643 12575 12695 55835 35209 18775 18651 56373 18419 18543 51929 51933 18511 18883 18863 18743 35181 56069 47281 52945 56077 56081 
12615 18579 30339 34909 12555 54661 10339 12519 10343 12523 33429 18815 48667 48655 18659 18871 35185 
34885 12603 12827 12559 56703 12659 56627 33437 12351 12483 48635 12343 18631 56037 18527 18715 52953 47265 
56635 18595 18563 33441 
32221 18579 27389 12555 56703 12779 12519 12523 47953 33429 52973 46285 48695 48655 48635 18631 35165 
10319 32201 56427 56435 56699 18551 12407 12403 12767 47707 18703 48679 47289 18723 
30283 12815 60965 30339 12899 33457 10339 12519 34897 18871 35185 
12739 10889 10881 12687 54665 47965 12883 12643 56647 18811 12359 12691 12339 60897 18647 52941 35161 
56631 60909 12843 30259 10303 18575 18695 30335 18555 18431 18439 12631 12875 56623 47957 32217 48675 47699 12487 52425 55819 12695 56373 18419 51929 51933 18863 35181 56081 
12851 56671 18483 56687 60877 34905 47269 
10311 34917 55843 12431 30271 47269 
12855 18571 18683 30315 10331 10327 30279 18759 
12731 32209 32205 55847 12799 12635 47969 32213 52981 12375 12379 35213 12331 18635 18619 18615 35189 18831 18847 
33437 10849 12559 12799 54669 12751 12871 30291 30299 34885 48691 12375 12351 12483 12331 12343 18427 56065 18831 18715 52953 47265 
12611 12775 54677 12863 18643 52949 
34889 12715 56655 56651 10893 56667 30259 60937 18575 18691 10857 56695 18587 10865 18555 34921 18443 18567 30311 30319 34913 10841 12323 54645 12419 12411 33461 12547 47973 12759 12631 56619 12875 10335 56623 12763 47957 10315 33433 12627 33425 12503 47257 56093 35149 52985 48675 12387 48671 12479 48659 52425 12367 48651 55819 48643 12575 12695 55835 35209 18775 18651 56373 18543 51929 60889 18511 18879 18883 18743 35181 56069 47281 52945 56077 56081 
56639 30255 56423 12811 12891 12621 46289 48647 18663 12299 
47945 56691 12771 12515 12879 52977 47695 12579 60881 
47703 12823 33469 46281 12491 
30271 30267 34917 12431 10311 10323 12571 56085 
47949 60933 30315 12447 30279 12475 47683 18423 47293 
47707 32201 56699 30331 18551 12407 12403 12735 10319 18723 
12627 12715 56655 56651 10893 56667 30259 60937 18575 18691 10857 56695 18587 10865 18555 34921 18443 18567 30311 30319 34913 10841 12323 54645 12419 12411 33461 12547 47973 12759 12631 56619 12875 10335 56623 12763 47957 10315 33433 34889 33425 12503 47257 56093 35149 52985 48675 12387 48671 12479 48659 52425 12367 48651 55819 48643 12575 12695 55835 35209 18775 18651 56373 18543 51929 60889 18511 18879 18883 18743 35181 56069 47281 52945 56077 56081 
10327 10833 12447 12655 12783 10331 12855 12471 
56643 30251 18467 60977 12511 48575 
12507 56663 12827 30323 18559 10849 12687 55859 54665 54669 12751 12755 47965 30291 30299 33445 12643 12395 18811 47249 18827 48691 12483 12691 12339 12347 60897 56065 56061 52941 52953 52961 18603 
33425 18499 12715 56651 10893 60937 10857 56695 10865 34921 30323 18799 18443 18567 30311 30319 10841 12671 12323 54645 55859 12419 12411 54669 12423 47973 12759 56619 10335 30291 30299 33445 12763 10315 34889 12627 12503 12395 47257 35153 56093 47249 52985 48691 12387 12479 48659 12367 48651 48643 55835 18775 18651 18543 60889 18511 18879 18883 18743 56061 56069 47281 56077 47277 52961 18603 
12867 60901 12839 12723 60973 55855 12415 56615 47961 12647 12451 12463 18787 51937 18735 
30279 18571 18683 30315 12855 47949 47253 52421 47683 18423 18759 
32213 32209 32205 12727 18471 55847 12663 12635 47969 12731 12391 52981 12379 12355 35213 18635 18619 18615 35189 18847 
10323 32201 30267 30331 34917 54681 12403 12735 30271 12571 56377 56085 
56647 10881 30323 12687 47965 12883 12643 12739 12691 12339 60897 18647 52941 18603 
12503 12715 56655 56651 10893 56667 30259 60937 18575 18691 10857 56695 18587 10865 34921 18443 18567 30311 30319 34913 10841 12323 54645 12419 12411 33461 12547 47973 12759 12631 56619 10335 33445 12763 10315 33433 34889 12627 33425 47257 35153 56093 47249 35149 52985 48675 12387 48671 12479 48659 52425 12367 48651 48643 12575 12695 55835 35209 18775 18651 56373 18543 51929 60889 18511 18879 18883 18743 35181 56069 47281 52945 56077 47277 56081 
33429 18495 12719 18579 34909 12903 12563 12779 12519 12523 12615 32221 52973 48695 48655 48635 30307 18631 35165 
12621 56423 12811 12891 56639 48647 18663 12299 18727 
12863 54677 12611 12463 18643 18855 52949 
12743 18499 12715 10893 56659 18599 10865 18675 34921 18799 30319 10841 12671 12435 12323 55859 12411 12423 12759 12871 10335 12763 10315 47257 56093 35149 12371 12479 48659 12367 12583 18651 18543 60889 18427 18511 18879 18883 56057 18743 56069 56077 
32217 60909 56655 56667 12843 30259 10303 18575 18695 18691 18587 30335 18555 18431 18439 34913 33461 12547 12631 12875 56623 47957 33433 56631 48675 48671 47699 12487 52425 55819 12575 12695 35209 56373 18419 51929 51933 18863 35181 52945 56081 
12391 18495 12719 32209 12727 18471 12903 55847 12563 12899 12663 47969 32213 52981 12379 12355 48663 12595 30307 18635 18619 18847 
12395 18499 10893 56659 10857 30323 18799 18443 10849 30319 12671 12435 55859 12411 54669 12423 12759 12751 56619 12871 10335 30291 30299 33445 10315 12507 33425 47257 35153 47249 48691 48659 48651 12339 18543 60889 18511 18879 18883 18743 56065 56061 56069 56077 52953 47277 52961 18603 
46289 56423 12891 56639 48647 18663 
47257 18499 12715 56655 56651 10893 56659 56667 60937 10857 56695 18587 10865 18675 34921 18799 18443 18567 30311 30319 10841 12671 12435 12323 54645 55859 12419 12411 54669 12423 47973 12759 56619 12871 10335 30291 30299 33445 12763 10315 33433 34889 12627 33425 12503 12743 12395 35153 56093 47249 35149 52985 48691 12387 12479 48659 12367 48651 48643 55835 18775 18651 18543 60889 18511 18879 18883 56057 18743 56061 56069 47281 56077 47277 52961 18603 
56097 30267 18795 18447 12431 12539 48711 12571 12699 55839 56033 
35153 18499 56651 10893 56659 10857 56695 10865 34921 30323 18799 18443 10849 30319 10841 12671 12435 12323 54645 55859 12411 54669 12423 12759 12751 56619 12871 10335 30291 30299 33445 12763 10315 33425 12503 12395 47257 47249 48691 12479 48659 12367 48651 18775 18651 18543 60889 18511 18879 18883 56057 18743 56065 56061 56069 56077 47277 52961 18603 
56093 12715 56655 56651 10893 56667 30259 60937 18575 18691 10857 56695 18587 10865 18675 18555 34921 18443 18567 30311 30319 34913 10841 12323 54645 12419 12411 33461 12547 47973 12759 12631 56619 12875 10335 56623 12763 47957 10315 33433 34889 12627 33425 12503 12743 47257 35149 52985 48675 12387 48671 12479 48659 52425 12367 48651 55819 48643 12575 12695 55835 35209 18775 18651 56373 18543 51929 60889 18511 18879 18883 18743 35181 56069 47281 52945 56077 56081 
18819 12835 55851 12651 34897 10299 51227 35177 35173 47261 
35157 10877 12775 10295 52965 
12399 12711 12603 12819 12327 12659 54653 12755 34893 33449 18827 12591 12359 18415 18755 18523 20807 
18815 12555 12779 12531 54661 10339 12519 10343 12523 47953 12615 48667 18659 
52973 18579 27389 56703 12779 32221 33429 46285 48695 48655 48635 18631 18755 35165 
46285 18579 27389 56703 12779 32221 52973 12471 48635 18631 18755 35165 
47253 12839 18571 30315 12567 47961 30279 52421 18423 18735 
18811 56663 12819 30323 18559 12687 12327 54665 12755 47965 34893 12883 12643 33449 12739 12507 18827 12591 12359 12691 12339 12347 60897 18647 52941 35161 
52977 18479 12823 56691 18671 12771 12515 12879 47945 55827 
46281 33469 47703 12491 
47249 18499 56651 10893 56659 10857 56695 34921 30323 18799 18443 10849 30319 10841 12671 12435 12323 54645 55859 12411 54669 12423 12759 12751 56619 12871 10335 30291 30299 33445 12763 10315 12507 33425 12503 12395 47257 35153 48691 12479 48659 12367 48651 12339 18775 18651 18543 60889 18511 18879 18883 18743 56061 56069 56077 47277 52961 18603 
48699 12607 18583 12679 18751 18767 52965 
35149 18499 12715 56655 56651 10893 56659 56667 60937 56695 18587 10865 18675 34921 18799 18443 18567 30311 30319 10841 12671 12435 12323 54645 12419 12411 12423 47973 12759 10335 12763 10315 33433 34889 12627 12503 12743 47257 56093 52985 12387 12479 48659 52425 12367 48643 12695 12583 55835 18775 18651 18543 60889 18511 18879 18883 56057 18743 56069 47281 56077 
52981 32209 32205 12727 18471 55847 12663 12635 47969 12731 32213 12391 12379 12355 48663 35213 12331 18635 18619 18615 35189 18831 18847 
48575 10869 12683 12511 56643 12467 52969 
48695 18495 12719 18579 34909 12903 12559 12563 56703 32221 33429 52973 12355 48663 48655 48635 30307 18631 35165 
18827 12603 56663 12819 12827 18559 12327 12659 54665 12755 47965 34893 56627 33449 12507 12399 18811 12591 12359 12483 12691 12347 18415 56037 18527 20807 52941 18715 
18707 12835 12807 56369 55851 54649 12651 18875 
52985 12715 56655 56651 10893 56667 30259 60937 18575 18691 10857 56695 18587 10865 18555 34921 18443 18567 30311 30319 34913 10841 12323 54645 12419 12411 33461 12547 47973 12759 12631 56619 12875 10335 56623 12763 47957 10315 33433 34889 12627 33425 12503 47257 56093 35149 48675 12387 48671 12479 48659 52425 12367 48651 55819 48643 12575 12695 55835 35209 18775 18651 56373 18543 51929 60889 18511 18879 18883 18743 35181 56069 47281 52945 56077 56081 
48691 18499 10893 56659 30323 18799 10849 30319 12671 12435 55859 54669 12423 12759 12751 12871 30291 30299 33445 33437 12507 33425 12395 47257 35153 47249 12483 12339 60889 18883 56065 56061 52953 47277 52961 18603 
18703 56435 18451 30331 18551 12675 12531 12407 12403 12767 10319 48679 34901 47289 18711 
12491 12823 56691 33469 47703 46281 
12495 12831 56431 10873 18583 33453 47695 18539 35193 
12371 56659 18599 18675 18799 12799 12435 12423 12871 12635 12743 12375 12331 12583 18427 56057 18615 18831 
12375 56659 18599 12799 12871 12635 12731 33437 12371 35213 12331 12583 18427 18635 18615 18831 
12379 18495 32209 12727 18471 12903 12559 55847 12799 12635 47969 12731 32213 12391 52981 12351 12355 48663 30307 18635 18619 18831 18847 
48679 56427 12815 56435 18551 12767 10319 18703 18639 47289 
12383 56679 60949 10853 18563 18447 30295 18807 12363 52969 
48675 60909 12715 56655 56651 56667 12843 30259 10303 60937 18575 18695 18691 56695 18587 10865 30335 18555 18431 34921 18439 18443 18567 30311 34913 10841 12323 54645 12419 12411 33461 12547 47973 12631 12875 56623 12763 47957 33433 56631 34889 12627 12503 32217 56093 52985 12387 48671 47699 12487 52425 12367 55819 48643 12575 12695 55835 35209 18775 18651 56373 18419 51929 51933 18863 35181 47281 52945 56077 56081 
18807 56679 60949 10853 60961 18563 30295 12383 12363 18779 52969 
12387 12715 56655 56651 10893 56667 12843 30259 60937 18575 18691 10857 56695 18587 10865 18555 34921 18443 18567 30311 30319 34913 10841 12323 54645 12419 12411 33461 12547 47973 12759 12631 56619 12875 10335 56623 12763 47957 10315 33433 34889 12627 33425 12503 47257 56093 35149 52985 48675 48671 47699 12479 48659 12487 52425 12367 48651 55819 48643 12575 12695 55835 35209 18775 18651 56373 18419 18543 51929 60889 18511 18879 18883 18863 18743 35181 56069 47281 52945 56077 56081 
48671 60909 56655 56651 56667 12843 30259 60937 18575 18695 18691 56695 18587 10865 18555 34921 18439 18443 18567 30311 34913 10841 12323 54645 12419 12411 33461 12547 47973 12631 56619 12875 56623 12763 47957 33433 34889 12627 12503 32217 56093 52985 48675 12387 47699 12487 52425 12367 55819 48643 12575 12695 55835 35209 18775 18651 56373 18419 51929 51933 18863 35181 47281 52945 56077 56081 
12351 18495 18471 12559 55847 12799 12635 34885 33437 12379 12355 12343 18635 18831 18715 18847 47265 
48667 12815 30339 12555 12531 54661 10339 12519 10343 12523 47953 12615 18815 18659 
47699 60909 56655 56667 12843 30259 10303 60937 18575 18695 18691 18587 30335 18555 18431 18439 18567 30311 34913 12419 33461 12547 47973 12631 12875 56623 47957 33433 56631 32217 48675 12387 48671 12487 52425 55819 12575 12695 35209 56373 18419 51929 51933 18863 35181 47281 52945 56081 
12591 12711 12603 56663 12819 12827 18559 12327 12659 12755 34893 56627 33449 12399 18811 18827 12359 12347 18415 56037 18755 18523 18527 20807 
10295 10877 12567 35157 18751 52965 
12471 27389 12655 12783 10331 47953 10327 46285 
12355 18495 12719 12727 18471 34909 12903 12559 55847 12563 12899 47969 32213 12391 52981 48695 12379 12351 48663 12595 30307 18635 18619 18847 
48663 18495 12719 12727 18471 34909 12903 55847 12563 12899 47969 12391 52981 48695 12379 12355 12595 30307 18635 18619 18847 
47695 12831 10873 56691 10829 12771 12879 33453 47945 12495 12579 35205 18539 35193 
10299 30263 34925 54685 18819 51227 18639 35177 35173 47261 
12595 12727 18487 12803 60965 12903 12563 12899 12663 33457 47969 12391 12355 48663 30307 18871 18619 35185 20803 
12475 60933 18459 12447 47949 47687 32197 55823 18519 47293 
12359 12819 10889 12327 54665 47965 34893 12883 12643 33449 12739 12399 18811 18827 12591 12691 18523 18647 47285 35161 
12479 18499 12715 56655 56651 10893 56659 56667 60937 18691 10857 56695 18587 10865 18675 34921 18799 18443 18567 30311 30319 10841 12671 12435 12323 54645 55859 12419 12411 12423 47973 12759 56619 10335 12763 10315 33433 34889 12627 33425 12503 12743 47257 35153 56093 47249 35149 52985 12387 48659 52425 12367 48643 12695 12583 55835 35209 18775 18651 18543 60889 18511 18879 18883 56057 18743 56069 47281 56077 
48659 18499 12715 56655 56651 10893 56667 60937 18691 10857 56695 18587 10865 34921 18799 18443 18567 30311 30319 10841 12671 12435 12323 54645 55859 12419 12411 54669 12423 47973 12759 56619 10335 30291 33445 12763 10315 33433 34889 12627 33425 12503 12743 12395 47257 35153 56093 47249 35149 52985 12387 12479 12367 48651 48643 12695 55835 35209 18775 18651 18543 60889 18511 18879 18883 18743 56061 56069 47281 56077 47277 52961 18603 
12483 56663 12827 18559 10849 12659 54665 54669 12751 12755 30291 30299 56627 34885 33437 12507 18827 48691 12343 12347 56037 18527 56065 18715 52953 47265 
47687 60933 18459 12475 32197 55823 18519 47293 
12363 56679 60949 10853 10837 30295 12383 18807 18779 18731 
48655 18495 12719 18579 34909 12563 56703 12779 12519 12523 12615 32221 33429 52973 48695 48635 18631 35165 
52421 12839 18571 18683 30315 55855 56615 47961 30279 47253 12451 18423 18759 18735 
32197 18699 60945 18459 56611 12475 47687 55823 47293 
12487 60909 56655 56667 12843 30259 10303 60937 18575 18695 18691 18587 30335 18555 18431 18439 18567 30311 34913 12419 33461 12547 47973 12631 12875 56623 47957 33433 56631 32217 48675 12387 48671 47699 52425 55819 12575 12695 35209 56373 18419 51929 51933 18863 35181 47281 52945 56081 
47683 60933 30315 12447 47949 30279 47293 
52425 60909 12715 56655 56651 56667 12843 30259 10303 60937 18575 18695 18691 56695 18587 10865 30335 18555 18431 34921 18439 18443 18567 30311 34913 10841 12323 54645 12419 12411 33461 12547 47973 12631 56619 12875 10335 56623 12763 47957 10315 33433 56631 34889 12627 12503 32217 56093 35149 52985 48675 12387 48671 47699 12479 12487 12367 55819 48643 12575 12695 55835 35209 18775 18651 56373 18419 51929 51933 18511 18863 35181 47281 52945 56077 56081 
12367 12715 56655 56651 10893 56667 30259 60937 18575 18691 10857 56695 18587 10865 34921 18443 18567 30311 30319 34913 10841 12323 54645 12419 12411 33461 12547 47973 12759 12631 56619 12875 10335 56623 12763 47957 10315 33433 34889 12627 33425 12503 12743 47257 35153 56093 47249 35149 52985 48675 12387 48671 12479 48659 52425 48651 48643 12575 12695 55835 35209 18775 18651 56373 18543 51929 60889 18511 18879 18883 18743 35181 56069 47281 56077 47277 56081 
48651 56651 10893 60937 10881 10857 56695 10865 34921 18443 18567 30311 30319 10841 12323 54645 55859 12419 12411 47973 12759 56619 33445 12763 10315 34889 12627 33425 12503 12395 47257 35153 56093 47249 52985 12387 48659 12367 48643 55835 18775 18651 18543 60889 18511 18883 18743 56061 56069 47281 56077 47277 52961 18603 
48647 56423 12811 12891 56639 12621 46289 18663 
55819 60909 56655 56667 12843 30259 10303 60937 18575 18695 18691 18587 30335 18555 18431 18439 18567 30311 34913 12419 33461 12547 47973 12631 12875 56623 47957 33433 56631 34889 12627 32217 56093 52985 48675 12387 48671 47699 12487 52425 12575 12695 55835 35209 56373 18419 51929 51933 18863 35181 47281 52945 56081 
12571 30267 18795 34917 12431 30271 10323 56097 56085 
12451 12839 12703 18571 55855 12415 56615 47961 12867 52421 51937 18759 18735 
48643 12715 56655 56651 10893 56667 30259 60937 18575 18691 10857 56695 18587 10865 34921 18443 18567 30311 30319 34913 10841 12323 54645 12419 12411 33461 12547 47973 12759 12631 56619 12875 10335 56623 12763 47957 10315 33433 34889 12627 33425 12503 47257 56093 35149 52985 48675 12387 48671 12479 48659 52425 12367 48651 12575 12695 55835 35209 18775 18651 56373 18543 51929 60889 18511 18879 18883 18743 35181 56069 47281 52945 56077 47277 56081 
12691 12819 10889 18559 12687 54665 12755 47965 34893 12883 12643 33449 12739 12507 56647 18811 18827 12359 12339 12347 60897 18647 52941 35161 
12339 10881 30323 10849 12687 54665 47965 30291 33445 12643 12739 12507 56647 12395 18811 47249 48691 12691 12347 60897 56061 52941 47277 52961 18603 
35213 32209 32205 12635 12731 32213 52981 12375 12331 18615 
12575 56655 56651 56667 30259 60937 18575 18695 18691 56695 18587 10865 18555 34921 18439 18443 18567 30311 34913 10841 12323 54645 12419 12411 33461 12547 47973 12631 56619 12875 56623 12763 47957 33433 34889 12627 12503 32217 56093 52985 48675 12387 48671 47699 12487 52425 12367 55819 48643 12695 55835 35209 18775 18651 56373 51929 51933 18863 35181 47281 52945 56077 56081 
12331 18599 55847 12799 12635 12731 33437 52981 12371 12375 35213 12583 18427 18635 18615 18831 
51227 12835 34925 55851 34897 18819 10299 35177 35173 47261 
55823 18459 12675 12735 12475 47687 32197 18519 47293 18627 
12695 60909 12715 56655 56651 56667 12843 30259 10303 60937 18575 18695 18691 56695 18587 10865 30335 18555 18431 34921 18439 18443 18567 30311 34913 10841 12323 54645 12419 12411 33461 12547 47973 12631 56619 12875 10335 56623 12763 47957 10315 33433 56631 34889 12627 12503 32217 56093 35149 52985 48675 12387 48671 47699 12479 48659 12487 52425 12367 55819 48643 12575 55835 35209 18775 18651 56373 18419 18543 51929 51933 18511 18863 35181 56069 47281 52945 56077 56081 
12579 18491 10829 12787 12515 12879 47945 47695 35205 18655 18539 18515 
12459 12723 18475 12703 27385 12443 54653 12415 56607 48707 18523 35197 47285 
12335 60913 10307 18595 10885 12859 60885 18719 35169 
55827 18479 56675 18671 18679 52977 48639 18535 
12699 30251 30247 18467 60977 12431 12539 48711 56097 55839 56033 
48635 18495 12719 18579 56703 12779 34885 32221 33429 52973 46285 48695 48655 18631 35165 
12583 56659 18599 18675 18799 12435 12423 12871 12743 35149 12371 12375 12479 12331 18427 18879 56057 
48639 18479 56675 18679 12535 33465 55827 18535 
35205 18491 10829 12787 12879 33453 47695 12579 35201 18655 18539 18515 
35201 12831 10829 12787 33453 35205 18539 18663 
55835 12715 56655 56651 10893 56667 30259 60937 18575 18691 10857 56695 18587 10865 18555 34921 18443 18567 30311 30319 34913 10841 12323 54645 12419 12411 33461 12547 47973 12759 12631 56619 12875 10335 56623 12763 47957 10315 33433 34889 12627 33425 12503 47257 56093 35149 52985 48675 12387 48671 12479 48659 52425 12367 48651 55819 48643 12575 12695 35209 18775 18651 56373 18543 51929 60889 18511 18879 18883 18743 35181 56069 47281 52945 56077 56081 
12463 60901 60973 54677 12647 12867 12863 18787 51937 18643 18855 18735 52949 
12343 12827 12559 12799 12751 56627 34885 33437 12351 12483 56037 18527 56065 18831 18715 52953 47265 
55839 30251 30247 18467 60977 18447 12539 48711 56097 12699 56033 
12467 10869 12683 12511 48575 52969 
35209 60909 12715 56655 56651 56667 12843 30259 60937 18575 18695 18691 56695 18587 10865 18555 34921 18439 18443 18567 30311 34913 10841 12323 54645 12419 12411 33461 12547 47973 12631 56619 12875 10335 56623 12763 47957 10315 33433 34889 12627 12503 32217 56093 52985 48675 12387 48671 47699 12479 48659 12487 52425 12367 55819 48643 12575 12695 55835 18775 18651 56373 18419 18543 51929 51933 18511 18863 35181 56069 47281 52945 56077 56081 
12347 56663 12827 30323 18559 10849 12687 12327 54665 12751 12755 47965 34893 12643 33449 12507 18811 18827 12591 12483 12691 12339 60897 56065 52941 
18775 12715 56655 56651 10893 56667 30259 60937 18575 18691 10857 56695 18587 10865 34921 18443 18567 30311 30319 34913 10841 12323 54645 12419 12411 33461 12547 47973 12759 12631 56619 10335 33445 12763 10315 33433 34889 12627 33425 12503 47257 35153 56093 47249 35149 52985 48675 12387 48671 12479 48659 52425 12367 48651 48643 12575 12695 55835 35209 18651 56373 18543 51929 60889 18511 18879 18883 18743 35181 56069 47281 52945 56077 47277 56081 
18655 18491 10829 12787 12579 35205 18539 18515 
18651 18499 12715 56655 56651 10893 56667 30259 60937 18575 18691 10857 56695 18587 10865 18675 34921 18799 18443 18567 30311 30319 34913 10841 12671 12435 12323 54645 55859 12419 12411 33461 12547 12423 47973 12759 12631 56619 10335 12763 10315 33433 34889 12627 33425 12503 12743 47257 35153 56093 47249 35149 52985 48675 12387 48671 12479 48659 52425 12367 48651 48643 12575 12695 55835 35209 18775 56373 18543 51929 60889 18511 18879 18883 56057 18743 35181 56069 47281 56077 47277 56081 
56373 60909 12715 56655 56651 56667 12843 30259 10303 60937 18575 18695 18691 56695 18587 10865 30335 18555 18431 34921 18439 18443 18567 30311 34913 10841 12323 54645 12419 12411 33461 12547 47973 12631 56619 12875 56623 12763 47957 10315 33433 56631 34889 12627 12503 32217 56093 52985 48675 12387 48671 47699 12487 52425 12367 55819 48643 12575 12695 55835 35209 18775 18651 18419 51929 51933 18511 18863 35181 47281 52945 56077 56081 
60877 56671 18483 56687 12851 34905 18763 47269 
56377 30331 10861 54681 12735 10323 18611 18627 56085 
18539 12831 10829 12787 33453 12495 47695 12579 35205 35201 18655 35193 
30307 18495 12719 12727 18471 12803 34909 12903 55847 12563 12899 33457 47969 33429 12391 48695 12379 12355 48663 12595 18619 18847 
18419 60909 56655 56667 12843 30259 10303 60937 18575 18695 18691 18587 30335 18555 18431 18439 18567 30311 34913 12419 33461 12547 47973 12631 12875 56623 47957 33433 56631 32217 48675 12387 48671 47699 12487 52425 55819 12695 35209 56373 51929 51933 18863 35181 47281 56081 
34905 56671 12851 60877 18763 56073 
18535 18479 56675 18679 12535 55827 48639 
18415 12711 12603 12819 12827 18559 12327 12659 12755 34893 33449 12399 18827 12591 56037 18755 18523 18527 20807 
18779 56679 60949 10853 10837 30295 18807 12363 18731 
34901 56435 18451 10833 12675 12531 12783 12667 18703 18519 18627 18711 
18659 12815 30339 12555 12531 54661 10339 12519 10343 12767 12523 47953 12615 18815 48667 
18663 12831 56423 12891 56639 12621 46289 48647 35201 
18543 18499 12715 56655 56651 10893 56667 60937 18691 10857 56695 18587 10865 34921 18799 18443 18567 30311 30319 10841 12671 12435 12323 54645 55859 12419 12411 54669 12423 47973 12759 56619 10335 33445 12763 10315 33433 34889 12627 33425 12503 12743 12395 47257 35153 56093 47249 35149 52985 12387 12479 48659 12367 48651 48643 12695 55835 35209 18775 18651 60889 18511 18879 18883 18743 56061 56069 47281 56077 47277 52961 18603 
18423 30315 12567 47949 30279 47253 52421 
18787 60901 54677 12647 12867 12463 51937 18643 18855 18735 52949 
51929 60909 12715 56655 56651 56667 12843 30259 10303 60937 18575 18695 18691 56695 18587 10865 30335 18555 18431 34921 18439 18443 18567 30311 34913 10841 12323 54645 12419 12411 33461 12547 47973 12631 12875 56623 12763 47957 33433 56631 34889 12627 12503 32217 56093 52985 48675 12387 48671 47699 12487 52425 12367 55819 48643 12575 12695 55835 35209 18775 18651 56373 18419 51933 18863 35181 47281 52945 56077 56081 
60889 18499 12715 56651 10893 56659 60937 10857 56695 10865 18675 34921 18799 18443 18567 30311 30319 10841 12671 12435 12323 54645 55859 12419 12411 54669 12423 47973 12759 56619 12871 10335 30291 30299 33445 12763 10315 34889 12627 33425 12503 12743 12395 47257 35153 56093 47249 35149 52985 48691 12387 12479 48659 12367 48651 48643 55835 18775 18651 18543 18511 18879 18883 56057 18743 56061 56069 47281 56077 47277 52961 18603 
60885 60913 10307 10885 10869 12335 18719 35169 
60881 10873 56691 12771 47945 18767 
18547 30255 56073 12299 
18427 56659 18599 18675 18799 12799 12435 12423 12871 12635 33437 12743 12371 12375 12331 12583 56057 18615 18831 
51933 60909 56655 56667 12843 30259 10303 18575 18695 18691 18587 30335 18555 18431 18439 34913 33461 12547 12631 12875 56623 47957 33433 56631 32217 48675 48671 47699 12487 52425 55819 12575 12695 35209 56373 18419 51929 18863 35181 52945 56081 
18751 12607 10877 12679 12567 48699 10295 18767 52965 
18631 18495 12719 12603 18579 12559 56703 12779 56627 34885 32221 33429 52973 46285 48695 48655 48635 35165 47265 
18511 18499 12715 56655 56651 10893 56659 56667 60937 18691 10857 56695 18587 10865 18675 34921 18799 18443 18567 30311 30319 10841 12671 12435 12323 54645 55859 12419 12411 33461 12423 47973 12759 56619 10335 12763 10315 33433 34889 12627 33425 12503 12743 12395 47257 35153 56093 47249 35149 52985 12387 12479 48659 52425 12367 48651 48643 12695 55835 35209 18775 18651 56373 18543 60889 18879 18883 56057 18743 35181 56069 47281 56077 56081 
18875 56369 18707 
51937 60901 12839 12703 55855 12415 56615 47961 12647 12867 12451 12463 18787 18735 
18871 60965 30339 34909 12563 12899 33457 10339 12519 12615 30283 12595 35185 
56033 30247 18795 60977 18447 12539 48711 30295 56097 12699 55839 
60897 10881 30323 10849 12687 54665 12755 47965 33445 12883 12643 12739 12507 56647 18811 12691 12339 12347 56061 52941 47277 52961 18603 
56037 12603 56663 12827 18559 56703 12327 12659 12755 34893 56627 34885 18827 12591 12483 12343 18415 18755 18527 18715 47265 
18759 12839 18571 18683 30315 55855 10331 12855 30279 52421 12451 
18639 30263 56427 54685 48679 10299 47289 35173 47261 18723 
18519 18451 10833 12675 12447 12783 12667 12475 47687 55823 34901 47293 18627 18711 
18755 12711 12603 27389 30327 56703 12659 12399 52973 46285 12591 18415 56037 20807 
18635 32209 18471 12559 55847 12799 12635 47969 12731 32213 12391 52981 12375 12379 12351 12355 48663 12331 18831 18847 
18515 18491 10829 33465 12515 12579 35205 18655 
18879 18499 12715 56651 10893 56659 60937 10857 56695 10865 18675 34921 18799 18443 18567 30311 30319 10841 12671 12435 12323 54645 55859 12419 12411 54669 12423 47973 12759 56619 12871 10335 30291 30299 12763 10315 34889 12627 33425 12503 12743 12395 47257 35153 56093 47249 35149 52985 12387 12479 48659 12367 48643 12583 55835 18775 18651 18543 60889 18511 18883 56057 18743 56069 47281 56077 
18883 18499 12715 56655 56651 10893 56659 56667 60937 10857 56695 18587 10865 18675 34921 18799 18443 18567 30311 30319 10841 12671 12435 12323 54645 55859 12419 12411 54669 12423 47973 12759 56619 10335 30291 30299 33445 12763 10315 33433 34889 12627 33425 12503 12743 12395 47257 35153 56093 47249 35149 52985 48691 12387 12479 48659 12367 48651 48643 55835 18775 18651 18543 60889 18511 18879 56057 18743 56061 56069 47281 56077 47277 52961 18603 
18763 56671 55843 12795 60877 34905 47269 
18643 54677 12647 12611 12863 12463 18787 18855 52949 
18523 12711 12819 10889 12327 54653 34893 33449 12399 12591 12359 12459 18415 35197 20807 47285 
56045 60941 56603 
18767 12607 10877 18583 12679 48699 60881 18751 52965 
18647 12819 10889 12687 47965 12883 12643 33449 12739 56647 18811 12359 12691 35161 
18527 12603 56663 12827 18559 56703 12659 12755 34893 56627 34885 18827 12591 12483 12343 18415 56037 56065 18715 47265 
18731 30263 10837 54685 12363 18779 
18611 10861 12427 56611 54681 56377 56085 
35197 12703 27385 12443 55855 54653 56607 12459 18523 47285 
35193 12831 56431 10873 18583 33453 12495 47695 18539 
56057 18499 12715 10893 56659 18599 18675 34921 18799 30319 10841 12671 12435 12323 55859 54669 12423 12759 12871 10335 30299 12763 10315 12743 47257 35153 35149 12371 12479 12583 18651 60889 18427 18511 18879 18883 18743 56069 56077 
20807 12711 12603 30327 12327 12659 54653 34893 12399 18827 12591 18415 18755 18523 
18619 32209 32205 12727 18471 12803 12903 55847 12899 12663 47969 12731 32213 12391 52981 12379 12355 48663 12595 30307 35189 20803 18847 
18855 60901 54677 12647 12863 12463 18787 18643 
18735 12839 55855 56615 47961 12647 12867 47253 52421 12451 12463 18787 51937 
18615 32209 32205 18599 12799 12635 12731 32213 52981 12371 12375 35213 12331 18427 18831 
47293 60933 12447 47949 12475 47687 32197 47683 55823 18519 
18863 60909 56655 56667 12843 30259 10303 60937 18575 18695 18691 18587 18555 18431 18439 18567 30311 34913 12419 33461 12547 47973 12631 12875 56623 47957 33433 56631 32217 48675 12387 48671 47699 12487 52425 55819 12575 12695 35209 56373 18419 51929 51933 35181 47281 52945 56081 
18743 18499 12715 56655 56651 10893 56659 56667 60937 10857 56695 18587 10865 18675 34921 18799 18443 18567 30311 30319 10841 12671 12435 12323 54645 55859 12419 12411 54669 12423 47973 12759 56619 12871 10335 30291 30299 33445 12763 10315 33433 34889 12627 33425 12503 12743 12395 47257 35153 56093 47249 35149 52985 12387 12479 48659 12367 48651 48643 55835 18775 18651 18543 60889 18511 18879 18883 56057 56061 56069 47281 56077 47277 52961 
47289 56427 12815 56435 18551 12767 10319 18703 48679 18639 
56065 18499 56663 12827 30323 18559 10849 55859 54669 12751 12871 12755 30291 30299 33437 12507 12395 35153 48691 12483 12343 12347 18527 56061 18715 52953 47265 
35185 60965 30339 34909 12563 12899 33457 10339 12519 34897 12615 30283 12595 18871 
56061 18499 10893 10857 30323 18799 10849 30319 12671 55859 54669 12423 12759 12751 12871 30291 30299 33445 12507 33425 12395 47257 35153 47249 48691 48659 48651 12339 18543 60889 60897 18883 18743 56065 56069 52953 47277 52961 18603 
35181 60909 12715 56655 56651 56667 12843 30259 10303 60937 18575 18695 18691 56695 18587 10865 18555 18431 34921 18439 18443 18567 30311 34913 10841 12323 54645 12419 12411 33461 12547 47973 12631 56619 12875 56623 12763 47957 10315 33433 56631 34889 12627 12503 32217 56093 52985 48675 12387 48671 47699 12487 52425 12367 55819 48643 12575 12695 55835 35209 18775 18651 56373 18419 51929 51933 18511 18863 47281 52945 56077 56081 
56069 18499 12715 56655 56651 10893 56659 56667 60937 18691 10857 56695 18587 10865 18675 34921 18799 18443 18567 30311 30319 10841 12671 12435 12323 54645 55859 12419 12411 54669 12423 47973 12759 56619 10335 30291 33445 12763 10315 33433 34889 12627 33425 12503 12743 12395 47257 35153 56093 47249 35149 52985 12387 12479 48659 12367 48651 48643 12695 55835 35209 18775 18651 18543 60889 18511 18879 18883 56057 18743 56061 47281 56077 47277 52961 
35189 32209 32205 12727 12803 12663 48703 47969 12731 32213 52981 18619 20803 
18627 30331 12675 12407 12403 12735 55823 56377 34901 18519 
18507 10861 12427 54673 56611 12887 18727 
47285 18475 12819 12703 10889 27385 12443 54653 56607 12359 12459 18523 35197 
52941 56663 10881 30323 18559 10849 12687 54665 12755 47965 34893 12883 12643 33449 12739 12507 56647 18811 18827 12691 12339 12347 60897 35161 18603 
47281 12715 56655 56651 10893 56667 12843 30259 60937 18575 18691 10857 56695 18587 10865 18555 34921 18443 18567 30311 30319 34913 10841 12323 54645 12419 12411 33461 12547 47973 12759 12631 56619 12875 10335 56623 12763 47957 10315 33433 34889 12627 33425 12503 47257 56093 35149 52985 48675 12387 48671 47699 12479 48659 12487 52425 12367 48651 55819 48643 12575 12695 55835 35209 18775 18651 56373 18419 18543 51929 60889 18511 18879 18883 18863 18743 35181 56069 52945 56077 56081 
52945 56655 56651 56667 30259 60937 18575 18695 18691 56695 18587 18439 18567 30311 34913 54645 12419 33461 12547 47973 12631 12875 56623 47957 33433 34889 12627 12503 32217 56093 52985 48675 12387 48671 47699 12487 52425 55819 48643 12575 12695 55835 35209 18775 56373 51929 51933 18863 35181 47281 56081 
18831 18599 12559 55847 12799 12635 12731 33437 52981 12371 12375 12379 12351 12331 12343 18427 18635 18615 18847 
52949 12775 54677 12611 12863 12463 18787 18643 
35177 12835 30263 34925 54685 18819 10299 51227 35173 47261 
56077 18499 12715 56655 56651 10893 56667 30259 60937 18575 18691 10857 56695 18587 10865 18675 34921 18799 18443 18567 30311 30319 34913 10841 12671 12435 12323 54645 55859 12419 12411 33461 12547 12423 47973 12759 12631 56619 10335 12763 10315 33433 34889 12627 33425 12503 12743 12395 47257 35153 56093 47249 35149 52985 48675 12387 48671 12479 48659 52425 12367 48651 48643 12575 12695 55835 35209 18775 18651 56373 18543 51929 60889 18511 18879 18883 56057 18743 35181 56069 47281 47277 56081 52961 
35173 30263 34925 34897 54685 18819 10299 51227 18639 35177 47261 
56073 30255 34905 18547 12299 
18719 10307 18595 10885 12683 12335 60885 35169 
18715 12603 56663 12827 18559 10849 12659 12751 12755 56627 34885 33437 18827 12351 12483 12343 56037 18527 56065 52953 47265 
12299 30255 12811 12795 56639 12621 18547 56073 18727 
52953 18499 56663 10849 12671 55859 54669 12751 12871 30291 30299 34885 33437 12507 12395 48691 12483 12343 56065 56061 18715 47265 
47277 18499 56651 10893 10881 10857 56695 34921 30323 18443 30319 10841 12671 54645 55859 12411 54669 12759 56619 30291 30299 33445 10315 33425 12503 12395 47257 35153 47249 48691 48659 12367 48651 48643 12339 18775 18651 18543 60889 60897 18883 18743 56061 56069 56077 52961 18603 
18711 56435 18451 30331 18551 10833 12675 12531 12667 12403 12767 18703 34901 18519 
47269 56671 18483 12851 10311 60877 18763 
56085 10861 34917 54681 30271 10323 12571 56377 18611 
35165 18495 12719 18579 34909 56703 12779 12523 32221 33429 52973 46285 48695 48655 48635 18631 
20803 18487 12803 60965 12807 10845 54649 12899 12663 48703 12595 18619 35189 
56081 60909 12715 56655 56651 56667 12843 30259 10303 60937 18575 18695 18691 56695 18587 10865 30335 18555 18431 34921 18439 18443 18567 30311 34913 10841 12323 54645 12419 12411 33461 12547 47973 12631 56619 12875 56623 12763 47957 10315 33433 56631 34889 12627 12503 32217 56093 52985 48675 12387 48671 47699 12487 52425 12367 55819 48643 12575 12695 55835 35209 18775 18651 56373 18419 51929 51933 18511 18863 35181 47281 52945 56077 
35161 12819 10889 12687 47965 12883 12643 33449 12739 18811 12359 12691 18647 52941 
35169 10307 18595 10885 12859 12335 60885 18719 
52961 18499 56651 10893 10881 10857 30323 18799 18443 10849 30319 12671 55859 12411 54669 12423 12759 12751 56619 30291 30299 33445 10315 12507 33425 12395 47257 35153 47249 48691 48659 48651 12339 18543 60889 60897 18883 18743 56061 56069 56077 47277 18603 
18847 18495 12719 32209 12727 18471 12903 12559 55847 12563 12635 47969 12731 32213 12391 52981 12379 12351 12355 48663 30307 18635 18619 18831 
47265 12827 12559 56627 34885 33437 12351 12483 12343 18631 56037 18527 56065 18715 52953 
18727 12811 55843 12795 12621 18507 12299 
52965 12607 10877 12679 12567 35157 48699 10295 18751 18767 
46293 18479 34929 33469 
47261 30263 56427 12815 34897 18819 10299 51227 18639 35177 35173 
18723 32201 56427 56699 18551 10319 47707 18639 
52969 56679 60949 18563 12683 33441 48575 12383 18807 12467 
18603 18499 10893 10881 10857 30323 10849 12687 55859 54665 54669 12751 47965 30291 30299 33445 12507 33425 56647 12395 47257 35153 47249 48691 48659 48651 12339 18543 60889 60897 18883 56061 52941 47277 52961 
